83.749
75.0244
106.396
101.537
83.749
75.0244
106.396
101.537
83.749
75.0244
106.396
101.537
83.749
75.0244
106.396
101.537
116.221
86.4426
115.322
67.158
116.221
86.4426
115.322
67.158
116.221
86.4426
115.322
67.158
116.221
86.4426
115.322
67.158
110.573
93.6148
114.448
101.06
110.573
93.6148
114.448
101.06
110.573
93.6148
114.448
101.06
110.573
93.6148
114.448
101.06
117.933
119.88
118.173
92.1128
117.933
119.88
118.173
92.1128
117.933
119.88
118.173
92.1128
117.933
119.88
118.173
92.1128
78.9068
92.5573
79.1803
99.5518
78.9068
92.5573
79.1803
99.5518
78.9068
92.5573
79.1803
99.5518
78.9068
92.5573
79.1803
99.5518
98.698
80.9461
118.029
72.7739
98.7736
81.0293
118.129
72.8452
98.7988
81.0585
118.167
72.8622
98.7965
81.0558
118.164
72.8616
58.9865
66.7394
86.7016
95
59
66.7692
86.731
95
59
66.7692
86.731
95
59
66.7692
86.731
95
95.9628
77.2977
59
97.4339
95.9626
77.298
59
97.4339
95.9626
77.298
59
97.4339
95.9621
77.2968
59
97.433
77.1706
76.2063
122.017
77.397
77.1706
76.2063
122.017
77.397
77.1706
76.2063
122.017
77.397
77.1706
76.2063
122.017
77.397
85.0807
78.0072
83.5373
68.2467
85.0807
78.0072
83.5375
68.2467
85.0807
78.0072
83.5375
68.2467
85.0807
78.0072
83.5375
68.2467
97.3544
69.0477
101.736
126.673
97.3544
69.0477
101.736
126.673
97.3544
69.0477
101.736
126.673
97.3544
69.0477
101.736
126.673
98.2921
85.4167
115.107
83.5618
98.2921
85.4167
115.107
83.5618
98.2921
85.4167
115.107
83.5618
98.2921
85.4167
115.107
83.5618
