0
0
0
0
0
0
0
0
0
0
0
0
0
0
0
0
0
0
0
0
0
0
0
0
0
0
0
0
0
0
0
0
0
0
0
0
0
0
0
0
0
0
0
0
0
0
0
0
0
0
0
0
0
0
0
0
0
0
0
0
0
0
0
0
0
0
0
0
0
0
0
0
0
0
0
0
0
0
0
0
0
0
0
0
0
0
0
0
0
0
0
0
0
0
0
0
-1.02149
-1.05604
-1.10458
-1.13248
-1.13248
-1.13248
-1.13248
-1.13248
-0.895898
-0.949534
-0.997981
-1.07496
-0.865381
-0.916753
-0.944033
-0.985339
-0.821842
-0.849523
-0.88596
-0.940351
-0.851627
-0.896046
-0.93797
-1.0277
-0.842437
-0.877525
-0.931823
-1.00856
-0.762491
-0.805924
-0.836144
-0.904432
-0.803196
-0.823327
-0.8724
-0.935042
-0.785083
-0.848085
-0.891791
-0.966262
-0.847698
-0.912951
-0.978074
-1.06334
-0.799611
-0.864184
-0.892006
-0.964845
-0.887644
-0.952738
-0.993152
-1.05345
-0.889058
-0.948697
-1.0021
-1.08509
-0.792272
-0.848139
-0.922284
-1.02179
-0.90095
-0.949319
-0.998753
-1.03219
-1.12721
-1.0532
-0.987243
-0.911786
-0.986816
-0.885646
-0.83237
-0.771561
-1.12895
-1.04042
-0.960051
-0.903396
-0.959876
-0.904057
-0.847723
-0.79112
-0.79112
-0.79112
-0.79112
-0.79112
-0.79112
-0.79112
-0.79112
-0.79112
-0.79112
-0.79112
-0.79112
-0.79112
-0.79112
-0.79112
-0.79112
-0.79112
