0	0	0	0	0	0	1572.5	1708.5
0	0	1	0	0	1582.5	1707.3	1707.3
0	0	2	1582.5	1671.68	1700.81	1701.6	1804.55
0	0	3	1671.89	1701.79	1701.79	1805.5	1902.46
0	1	0	1555.94	1675.61	1711.5	1805.5	1902.46
0	1	1	1588.16	1712.89	1805.5	1901.5	2220.83
0	1	2	1621.04	1674.55	1807.06	1901.5	2220.83
0	1	3	1678.5	1806.3	1888.16	1902.59	2220.83
0	2	0	1581.83	1704.69	1901.5	2209.23	2220.75
0	2	1	1573.66	1695.96	1901.5	2205.5	2214.5
0	2	2	1696.48	1771.34	1901.5	2205.5	2214.5
0	2	3	1747.51	1888.14	1903.82	2205.5	2214.5
0	3	0	1583.16	1888.14	1903.82	2206.56	2224.07
0	3	1	1513.54	1571.66	1694.66	2205.73	2217.8
0	3	2	1695.74	1807.12	2210.5	2219.5	2346.83
0	3	3	1805.5	1901.2	2210.5	2219.5	2346.83
1	0	0	1708.13	1901.2	2208.89	2224.5	2346.83
1	0	1	1837.5	1901.2	2208.89	2224.5	2350.5
1	0	2	1651.66	1779.26	2208.89	2224.5	2348.62
1	0	3	1776.77	2215.45	2221.28	2305.52	2340.59
1	1	0	1555.61	1682.03	2184.71	2305.52	2340.89
1	1	1	1701.88	1833.58	2308.5	2344.57	2376.23
1	1	2	1651.41	1780	2307.79	2346.97	2376.23
1	1	3	1761.89	2284.02	2308.2	2350.49	2383.42
1	2	0	1587.94	1713.26	2301.5	2350.49	2383.42
1	2	1	1625.5	1818.93	2348.5	2352.04	2383.42
1	2	2	1557.67	1618.23	2348.5	2352.04	2383.42
1	2	3	1636	1764.93	2348.5	2352.04	2383.48
1	3	0	1581.86	1708	2348.5	2352.04	2383.48
1	3	1	1678.56	1813.04	2344.51	2358.63	2382.53
1	3	2	1779.83	1813.04	2343.45	2358.63	2382.53
1	3	3	1591.17	1774	2298.93	2358.7	2382.53
2	0	0	1591.17	1774	2298.93	2358.7	2382.53
2	0	1	1764.97	2284	2296.71	2358.25	2382.53
2	0	2	1698.14	2287.13	2298.44	2349.51	2382.53
2	0	3	1780	2286.74	2299	2349.5	2382.67
2	1	0	1729.23	2286.74	2299	2349.5	2382.67
2	1	1	1764.74	2286.25	2298.8	2349.5	2382.67
2	1	2	1575.9	1698.88	2193.69	2349.5	2382.67
2	1	3	1639.4	1761.96	2200.32	2350.05	2379.78
2	2	0	1632.22	1761.14	2200.5	2349.57	2373.5
2	2	1	1750.23	2195.5	2268.77	2349.57	2373.5
2	2	2	1541.56	1658.1	2154.39	2350.77	2373.5
2	2	3	1765.69	2153.5	2293.36	2355.52	2373.55
2	3	0	1568.03	1634.71	1755.87	2273.38	2374.07
2	3	1	1626.5	1747.5	1762.5	2269.87	2373.5
2	3	2	1697.73	1737.51	1752.5	2275.77	2383.5
2	3	3	1590.5	1644.83	1777.5	2278.5	2373.52
3	0	0	1666.5	1770.5	1801.5	2278.5	2373.5
3	0	1	1744.5	1780.5	1791.5	2268.5	2373.5
3	0	2	1780.29	1780.33	1791.69	2268.5	2373.5
3	0	3	1737.89	1780.33	1791.69	2268.5	2373.5
3	1	0	1764.83	1796.5	2273.5	2287.43	2373.5
3	1	1	1614.9	1740.96	2273.37	2287.43	2373.5
3	1	2	1743.23	1786.09	2273.37	2286.54	2377.38
3	1	3	1541.49	1725.93	2239.76	2286.54	2377.38
3	2	0	1724.5	1790.5	2239.76	2286.5	2377.38
3	2	1	1591.15	1719.69	2241.57	2286.5	2377.38
3	2	2	1618.1	1746.89	2241.57	2286.5	2377.38
3	2	3	1599.58	1722.83	2242.07	2286.5	2378.63
3	3	0	1599.58	1722.83	2242.07	2286.5	2378.63
3	3	1	1599.58	1722.83	2242.07	2286.5	2378.63
3	3	2	1599.58	1722.83	2242.07	2286.5	2378.63
3	3	3	1599.58	1722.83	2242.07	2286.5	2378.63
4	0	0	1726.12	1731.96	2242	2286.5	2378.63
4	0	1	1735.59	1753.23	2242	2293.57	2378.63
4	0	2	1741	2238.37	2256.69	2293.57	2378.63
4	0	3	1641.93	1767.97	2257.01	2292.57	2378.63
4	1	0	1723.23	2236.07	2257.01	2292.57	2378.63
4	1	1	1755.96	2236.34	2257.01	2292.5	2378.63
4	1	2	1620.96	1746.94	2256.6	2292.5	2378.63
4	1	3	1738.26	1747.25	2256.6	2291.45	2378.63
4	2	0	1720.16	1747.25	2257.46	2291.45	2378.63
4	2	1	1720	2233	2256.13	2290.21	2378.63
4	2	2	1732.27	2233.28	2254.45	2290.09	2378.63
4	2	3	1644.54	1771.19	2254.45	2290.09	2378.63
4	3	0	1735.28	2255.5	2254.16	2290.09	2377.83
4	3	1	1633.1	1759.11	2254.16	2289.96	2377.83
4	3	2	1603	1728.86	2254.27	2289.96	2377.83
4	3	3	1722.5	1779.07	2254.27	2286.5	2377.83
5	0	0	1722.5	1779.07	2254.27	2286.5	2377.83
5	0	1	1722.5	1779.07	2254.27	2286.5	2377.83
5	0	2	1722.5	1779.07	2254.27	2286.5	2377.83
5	0	3	1722.5	1779.07	2254.27	2286.5	2377.83
5	1	0	1722.5	1779.07	2254.27	2286.5	2377.83
5	1	1	1722.5	1779.07	2254.27	2286.5	2377.83
5	1	2	1722.5	1779.07	2254.27	2286.5	2377.83
5	1	3	1722.5	1779.07	2254.27	2286.5	2377.83
5	2	0	1722.5	1779.07	2254.27	2286.5	2377.83
5	2	1	1722.5	1779.07	2254.27	2286.5	2377.83
5	2	2	1722.5	1779.07	2254.27	2286.5	2377.83
5	2	3	1722.5	1779.07	2254.27	2286.5	2377.83
5	3	0	1722.5	1779.07	2254.27	2286.5	2377.83
5	3	1	1722.5	1779.07	2254.27	2286.5	2377.83
5	3	2	1722.5	1779.07	2254.27	2286.5	2377.83
5	3	3	1722.5	1779.07	2254.27	2286.5	2377.83
6	0	0	1449.75	1521.74	1684.14	1816.92	2361.51
6	0	1	1455.4	1526.49	1691.52	1825.41	2373.07
6	0	2	1384.62	1452.31	1609.66	1737.38	2259.52
6	0	3	1458.24	1529.86	1694.67	1828.85	2376.8
6	1	0	1391.66	1543.5	1657.95	2152.91	2376.8
6	1	1	1492.95	1653.43	2148.51	2317.85	2373.46
6	1	2	1366.5	1430.08	1586.27	1713.44	2228.55
6	1	3	1430.5	1586.5	1709.5	2224.51	2310.5
6	2	0	1449.01	1520.05	1684.05	1817.38	2362.79
6	2	1	1439.08	1509.72	1673.79	1807.27	2350.27
6	2	2	1351.7	1418.82	1572.94	1698.45	2211
6	2	3	1441.05	1513.14	1677.28	1810.65	2355.55
6	3	0	1448.37	1520.63	1684.85	1818.62	2365.65
6	3	1	1434.56	1506.41	1670.12	1803.04	2347.39
6	3	2	1377.31	1446.78	1604.5	1733.06	2257.65
6	3	3	1444.86	1519.79	1683.75	1818.54	2368.26
7	0	0	1301.42	1365.04	1511.67	1630.98	2117.67
7	0	1	1331.65	1396.27	1546.33	1668.19	2165.76
7	0	2	1401.64	1469.5	1627.09	1755.19	2278
7	0	3	1366.59	1433.38	1587.73	1713.2	2226.07
7	1	0	1279.18	1341.41	1485.72	1603.19	2081.97
7	1	1	1331.88	1396.65	1546.74	1668.57	2166.38
7	1	2	1400.86	1468.79	1626.34	1754.35	2277.03
7	1	3	1355.26	1421.46	1574.91	1699.18	2208.16
7	2	0	1304.51	1368.2	1515.21	1635.04	2123.33
7	2	1	1321.09	1385.66	1534.39	1655.36	2149.5
7	2	2	1375.62	1442.65	1597.44	1723.09	2236.79
7	2	3	1357.43	1423.55	1576.97	1701.78	2211.7
7	3	0	1302.04	1365.23	1512.37	1631.75	2119.13
7	3	1	1316.57	1380.74	1529.16	1649.58	2142.26
7	3	2	1400.03	1468.24	1625.7	1753.75	2276.91
7	3	3	1364.76	1431.51	1585.88	1711.38	2223.18
8	0	0	1411.1	1479.58	1637.84	1766.27	2291.35
8	0	1	1377.63	1444.05	1598.47	1724.1	2236.65
8	0	2	1345.6	1411.55	1563.74	1687.79	2195.05
8	0	3	1414.81	1483.66	1643	1772.41	2301.31
8	1	0	1389.64	1456.96	1612.85	1739.4	2256.41
8	1	1	1378.69	1445.59	1600.36	1725.89	2239.03
8	1	2	1344.86	1410.59	1562.6	1686.83	2194.06
8	1	3	1401.83	1470.04	1628.09	1756.32	2280.4
8	2	0	1415.7	1484.48	1643.18	1772.04	2299.1
8	2	1	1369.44	1436.11	1589.65	1714.35	2224.23
8	2	2	1319.97	1384.35	1533.58	1655.4	2152.98
8	2	3	1404.93	1473.06	1631.21	1759.78	2284.8
8	3	0	1413.9	1482.35	1640.84	1769.62	2295.84
8	3	1	1364	1430.18	1582.94	1707.45	2214.94
8	3	2	1346.19	1411.95	1564.37	1688.27	2195.67
8	3	3	1414.15	1482.8	1642.21	1771.27	2300.01
9	0	0	1382.04	1448.44	1603.12	1728.82	2241.7
9	0	1	1474.99	1547.35	1715.21	1851.87	2410.64
9	0	2	1449.03	1519.01	1680.95	1812.59	2349.55
9	0	3	1395.99	1463.21	1619.44	1746.39	2264.12
9	1	0	1357.49	1423.09	1574.98	1698.39	2201.94
9	1	1	1477.23	1549.64	1717.78	1854.4	2414.43
9	1	2	1450.74	1520.79	1682.89	1814.43	2352.2
9	1	3	1385.69	1452.54	1607.39	1733.34	2247.27
9	2	0	1383.45	1450.32	1604.89	1730.53	2243.59
9	2	1	1461.28	1532.91	1699.07	1834.17	2388.01
9	2	2	1417.72	1486.16	1644.35	1773.03	2298.3
9	2	3	1385.64	1452.39	1607.16	1732.91	2246.75
9	3	0	1384.66	1451.16	1606.19	1731.86	2245.06
9	3	1	1456.56	1527.9	1693.58	1828.11	2380.03
9	3	2	1448.92	1518.84	1680.68	1812.09	2348.84
9	3	3	1395.76	1463.18	1619.06	1745.58	2262.52
10	0	0	1413.78	1482.48	1641.34	1770.34	2297.66
10	0	1	1409.74	1478.27	1636.63	1765.29	2291.52
10	0	2	1356.73	1422.76	1574.99	1698.95	2204.74
10	0	3	1358.95	1425.15	1579.2	1703.89	2214.78
10	1	0	1404.69	1472.64	1630.43	1758.42	2282.6
10	1	1	1412.2	1480.48	1639.11	1767.88	2294.61
10	1	2	1359.65	1425.54	1578.32	1701.91	2209.18
10	1	3	1333.7	1398.63	1549.63	1672.48	2173.62
10	2	0	1404.37	1472.81	1630.35	1758.1	2281.51
10	2	1	1381.42	1448.58	1603.48	1729.49	2244.15
10	2	2	1348.69	1413.58	1564.91	1687.94	2190.38
10	2	3	1361.34	1428.11	1582.08	1707.11	2218.18
10	3	0	1417.83	1486.11	1645.15	1774.51	2302.21
10	3	1	1413.88	1482.43	1640.83	1769.63	2295.98
10	3	2	1343.83	1408.57	1559.4	1681.83	2182.03
10	3	3	1361.16	1427.79	1581.54	1706.81	2217.3
11	0	0	1361.16	1427.79	1581.54	1706.81	2217.3
11	0	1	1361.16	1427.79	1581.54	1706.81	2217.3
11	0	2	1361.16	1427.79	1581.54	1706.81	2217.3
11	0	3	1361.16	1427.79	1581.54	1706.81	2217.3
11	1	0	1361.16	1427.79	1581.54	1706.81	2217.3
11	1	1	1361.16	1427.79	1581.54	1706.81	2217.3
11	1	2	1361.16	1427.79	1581.54	1706.81	2217.3
11	1	3	1361.16	1427.79	1581.54	1706.81	2217.3
11	2	0	1361.16	1427.79	1581.54	1706.81	2217.3
11	2	1	1361.16	1427.79	1581.54	1706.81	2217.3
11	2	2	1361.16	1427.79	1581.54	1706.81	2217.3
11	2	3	1361.16	1427.79	1581.54	1706.81	2217.3
11	3	0	1361.16	1427.79	1581.54	1706.81	2217.3
11	3	1	1361.16	1427.79	1581.54	1706.81	2217.3
11	3	2	1361.16	1427.79	1581.54	1706.81	2217.3
11	3	3	1361.16	1427.79	1581.54	1706.81	2217.3
