-0.885102
-0.914
-0.91007
-0.966848
-0.786125
-0.824602
-0.883548
-0.917008
-0.740581
-0.757308
-0.80596
-0.899637
-0.841833
-0.925001
-0.952936
-0.94201
-0.743265
-0.767664
-0.804019
-0.872118
-0.880898
-0.925647
-0.960623
-1.04618
-0.859023
-0.906767
-0.953546
-0.998416
-0.368634
-0.749743
-0.795973
-0.815553
-0.79564
-0.845777
-0.891061
-0.918093
-0.810069
-0.866172
-0.908038
-0.988343
-0.759393
-0.797237
-0.859068
-0.881814
0.879894
0.734469
0.819645
0.75783
-0.868312
-0.917278
-0.953535
-0.920955
-0.827685
-0.845182
-0.935414
-0.958602
-0.861408
-0.906062
-0.968762
-1.00786
-1.00786
-1.00786
-1.00786
-1.00786
-0.946527
-0.897681
-0.884429
-0.797188
-0.942827
-0.839185
-0.824912
-0.763061
-0.916582
-0.848997
-0.815954
-0.769246
-0.96271
-0.911302
-0.890723
-0.844974
-0.844974
-0.844974
-0.844974
-0.844974
-0.844974
-0.844974
-0.844974
-0.844974
-0.844974
-0.844974
-0.844974
-0.844974
-0.844974
-0.844974
-0.844974
-0.844974
-0.924009
-0.964277
-1.04727
-0.348079
-0.348079
-0.348079
-0.348079
-0.348079
-0.847342
-0.91776
-0.998491
-1.00466
-0.803399
-0.886931
-0.911428
-0.951256
-0.807247
-0.794517
-0.834236
-0.896129
-0.832904
-0.873403
-0.916196
-0.950888
-0.828917
-0.847596
-0.916287
-0.956264
-0.738815
-0.780899
-0.831007
-0.861585
-0.765986
-0.815825
-0.851132
-0.887615
-0.762243
-0.798231
-0.83904
-0.876563
-0.846315
-0.880445
-0.948838
-0.98341
-0.774397
-0.841158
-0.861149
-0.93337
-0.843848
-0.879994
-0.96959
-0.981185
-0.884957
-0.918486
-0.973399
-1.02187
-0.749671
-0.819541
-0.90963
-0.954494
-0.848093
-0.89578
-0.924659
-0.955395
-1.0755
-1.04982
-0.960675
-0.91218
-0.955331
-0.856648
-0.804656
-0.744821
-1.0622
-1.00054
-0.928323
-0.887691
-0.898095
-0.846423
-0.818392
-0.751512
-0.751512
-0.751512
-0.751512
-0.751512
-0.751512
-0.751512
-0.751512
-0.751512
-0.751512
-0.751512
-0.751512
-0.751512
-0.751512
-0.751512
-0.751512
-0.751512
